a:3:{s:5:"token";s:13:"60706fef079eb";s:7:"user_id";s:13:"60706fef09bda";s:9:"expiredIn";O:17:"DateTimeImmutable":3:{s:4:"date";s:26:"2021-04-10 15:17:03.031219";s:13:"timezone_type";i:3;s:8:"timezone";s:3:"UTC";}}
a:3:{s:5:"token";s:13:"6070705398664";s:7:"user_id";s:13:"60707053993f9";s:9:"expiredIn";O:17:"DateTimeImmutable":3:{s:4:"date";s:26:"2021-04-10 15:18:43.624235";s:13:"timezone_type";i:3;s:8:"timezone";s:3:"UTC";}}
a:3:{s:5:"token";s:13:"60707098623cd";s:7:"user_id";s:13:"607070986313b";s:9:"expiredIn";O:17:"DateTimeImmutable":3:{s:4:"date";s:26:"2021-04-10 15:19:52.402388";s:13:"timezone_type";i:3;s:8:"timezone";s:3:"UTC";}}
a:3:{s:5:"token";s:13:"6070716e92c8e";s:7:"user_id";s:13:"6070716e99055";s:9:"expiredIn";O:17:"DateTimeImmutable":3:{s:4:"date";s:26:"2021-04-10 15:23:26.601241";s:13:"timezone_type";i:3;s:8:"timezone";s:3:"UTC";}}