a:4:{s:5:"token";s:13:"60a39b0a581d2";s:10:"expires_in";O:17:"DateTimeImmutable":3:{s:4:"date";s:26:"2021-06-18 10:46:34.211010";s:13:"timezone_type";i:3;s:8:"timezone";s:3:"UTC";}s:7:"user_id";s:13:"60a39b09ed1cd";s:9:"client_id";s:30:"client_60a3778e70ef02.05413444";}
a:4:{s:5:"token";s:13:"60a39c6c68b8e";s:10:"expires_in";O:17:"DateTimeImmutable":3:{s:4:"date";s:26:"2021-06-18 10:52:28.428913";s:13:"timezone_type";i:3;s:8:"timezone";s:3:"UTC";}s:7:"user_id";s:13:"60a39c6bcd629";s:9:"client_id";s:30:"client_60a3778e70ef02.05413444";}
a:4:{s:5:"token";s:13:"60a39c787f2e0";s:10:"expires_in";O:17:"DateTimeImmutable":3:{s:4:"date";s:26:"2021-06-18 10:52:40.520898";s:13:"timezone_type";i:3;s:8:"timezone";s:3:"UTC";}s:7:"user_id";s:13:"60a39c6bcd629";s:9:"client_id";s:30:"client_60a3778e70ef02.05413444";}