a:4:{s:5:"token";s:13:"60a37ddee0b36";s:10:"expires_in";O:17:"DateTimeImmutable":3:{s:4:"date";s:26:"2021-06-18 08:42:06.918902";s:13:"timezone_type";i:3;s:8:"timezone";s:3:"UTC";}s:7:"user_id";s:13:"60a37d84b4cb5";s:9:"client_id";s:30:"client_60a3778e70ef02.05413444";}
a:4:{s:5:"token";s:13:"60a37df13c267";s:10:"expires_in";O:17:"DateTimeImmutable":3:{s:4:"date";s:26:"2021-06-18 08:42:25.246355";s:13:"timezone_type";i:3;s:8:"timezone";s:3:"UTC";}s:7:"user_id";s:13:"60a37d84b4cb5";s:9:"client_id";s:30:"client_60a3778e70ef02.05413444";}